Mission,0,TETDMの基礎知識
Mission,1,ツールの選択とセット
Mission,2,ツールの使い方の概要
Mission,3,結果を表示するツール
Mission,4,処理ツールの操作
Mission,5,可視化ツールの操作
Mission,6,処理ツールと可視化ツールの操作
Mission,7,複数のパネルを使うツール
1,TETDMとは,10,0,0,0
2,TETDMの各部の名称,10,0,0,0
3,TETDMの用語,10,0,0,0
4,TETDMの使用の流れ,10,0,0,0
5,入力テキストの準備,10,0,0,0
6,TETDMの起動,10,0,0,0
7,テキストを読み込む,10,0,0,0
8,キーワード設定の確認,10,0,0,0
9,パネルの数の変更,20,1,0,8
10,パネルへのツールのセット,20,1,0,8
11,ツールのセット（パネルごと）,20,1,0,8
12,ツールのセット（一括）,20,1,0,8
13,ツールのセット（自動）,20,1,0,8
14,ツールの説明,20,1,0,8
15,ツールの組合せの保存,20,1,0,8
16,ツールの操作方法（概要）,30,2,0,15
17,ツールの操作方法（説明）,30,2,0,15
18,操作が不要なツール,30,2,0,15
19,操作が必要な処理ツール,30,2,0,15
20,操作が必要な可視化ツール,30,2,0,15
21,キーワード設定によるツールの処理結果の変更,30,2,0,15
22,結果を表示するツール1,40,3,0,21
23,結果を表示するツール2,40,3,0,21
24,結果を表示するツール3,40,3,0,21
25,結果を表示するツール4,40,3,0,21
26,結果を表示するツール5,40,3,0,21
27,結果を表示するツール6,40,3,0,21
28,処理ツールの操作1,50,4,0,27
29,処理ツールの操作2,50,4,0,27
30,処理ツールの操作3,50,4,0,27
31,処理ツールの操作4,50,4,0,27
32,処理ツールの操作5,50,4,0,27
33,可視化ツールの操作1,60,5,0,32
34,可視化ツールの操作2,60,5,0,32
35,可視化ツールの操作3,60,5,0,32
36,可視化ツールの操作4,60,5,0,32
37,可視化ツールの操作5,60,5,0,32
38,処理&可視化ツールの操作1,70,6,0,37
39,処理&可視化ツールの操作2,70,6,0,37
40,処理&可視化ツールの操作3,70,6,0,37
41,処理&可視化ツールの操作4,70,6,0,37
42,複数パネルの利用1,80,7,0,41
43,複数パネルの利用2,80,7,0,41
44,複数パネルの利用3,80,7,0,41
45,複数パネルの利用4,80,7,0,41
46,複数パネルの利用5,80,7,0,41
